0 1
0 448
0 56
0 64
0 7
0 8
1 0
1 2
1 449
1 57
1 65
1 9
2 1
2 10
2 3
2 450
2 58
2 66
3 11
3 2
3 4
3 451
3 59
3 67
4 12
4 3
4 452
4 5
4 60
4 68
5 13
5 4
5 453
5 6
5 61
5 69
6 14
6 454
6 5
6 62
6 7
6 70
7 0
7 15
7 455
7 6
7 63
7 71
8 0
8 15
8 16
8 456
8 72
8 9
9 1
9 10
9 17
9 457
9 73
9 8
10 11
10 18
10 2
10 458
10 74
10 9
11 10
11 12
11 19
11 3
11 459
11 75
12 11
12 13
12 20
12 4
12 460
12 76
13 12
13 14
13 21
13 461
13 5
13 77
14 13
14 15
14 22
14 462
14 6
14 78
15 14
15 23
15 463
15 7
15 79
15 8
16 17
16 23
16 24
16 464
16 8
16 80
17 16
17 18
17 25
17 465
17 81
17 9
18 10
18 17
18 19
18 26
18 466
18 82
19 11
19 18
19 20
19 27
19 467
19 83
20 12
20 19
20 21
20 28
20 468
20 84
21 13
21 20
21 22
21 29
21 469
21 85
22 14
22 21
22 23
22 30
22 470
22 86
23 15
23 16
23 22
23 31
23 471
23 87
24 16
24 25
24 31
24 32
24 472
24 88
25 17
25 24
25 26
25 33
25 473
25 89
26 18
26 25
26 27
26 34
26 474
26 90
27 19
27 26
27 28
27 35
27 475
27 91
28 20
28 27
28 29
28 36
28 476
28 92
29 21
29 28
29 30
29 37
29 477
29 93
30 22
30 29
30 31
30 38
30 478
30 94
31 23
31 24
31 30
31 39
31 479
31 95
32 24
32 33
32 39
32 40
32 480
32 96
33 25
33 32
33 34
33 41
33 481
33 97
34 26
34 33
34 35
34 42
34 482
34 98
35 27
35 34
35 36
35 43
35 483
35 99
36 100
36 28
36 35
36 37
36 44
36 484
37 101
37 29
37 36
37 38
37 45
37 485
38 102
38 30
38 37
38 39
38 46
38 486
39 103
39 31
39 32
39 38
39 47
39 487
40 104
40 32
40 41
40 47
40 48
40 488
41 105
41 33
41 40
41 42
41 489
41 49
42 106
42 34
42 41
42 43
42 490
42 50
43 107
43 35
43 42
43 44
43 491
43 51
44 108
44 36
44 43
44 45
44 492
44 52
45 109
45 37
45 44
45 46
45 493
45 53
46 110
46 38
46 45
46 47
46 494
46 54
47 111
47 39
47 40
47 46
47 495
47 55
48 112
48 40
48 49
48 496
48 55
48 56
49 113
49 41
49 48
49 497
49 50
49 57
50 114
50 42
50 49
50 498
50 51
50 58
51 115
51 43
51 499
51 50
51 52
51 59
52 116
52 44
52 500
52 51
52 53
52 60
53 117
53 45
53 501
53 52
53 54
53 61
54 118
54 46
54 502
54 53
54 55
54 62
55 119
55 47
55 48
55 503
55 54
55 63
56 0
56 120
56 48
56 504
56 57
56 63
57 1
57 121
57 49
57 505
57 56
57 58
58 122
58 2
58 50
58 506
58 57
58 59
59 123
59 3
59 507
59 51
59 58
59 60
60 124
60 4
60 508
60 52
60 59
60 61
61 125
61 5
61 509
61 53
61 60
61 62
62 126
62 510
62 54
62 6
62 61
62 63
63 127
63 511
63 55
63 56
63 62
63 7
64 0
64 120
64 128
64 65
64 71
64 72
65 1
65 121
65 129
65 64
65 66
65 73
66 122
66 130
66 2
66 65
66 67
66 74
67 123
67 131
67 3
67 66
67 68
67 75
68 124
68 132
68 4
68 67
68 69
68 76
69 125
69 133
69 5
69 68
69 70
69 77
70 126
70 134
70 6
70 69
70 71
70 78
71 127
71 135
71 64
71 7
71 70
71 79
72 136
72 64
72 73
72 79
72 8
72 80
73 137
73 65
73 72
73 74
73 81
73 9
74 10
74 138
74 66
74 73
74 75
74 82
75 11
75 139
75 67
75 74
75 76
75 83
76 12
76 140
76 68
76 75
76 77
76 84
77 13
77 141
77 69
77 76
77 78
77 85
78 14
78 142
78 70
78 77
78 79
78 86
79 143
79 15
79 71
79 72
79 78
79 87
80 144
80 16
80 72
80 81
80 87
80 88
81 145
81 17
81 73
81 80
81 82
81 89
82 146
82 18
82 74
82 81
82 83
82 90
83 147
83 19
83 75
83 82
83 84
83 91
84 148
84 20
84 76
84 83
84 85
84 92
85 149
85 21
85 77
85 84
85 86
85 93
86 150
86 22
86 78
86 85
86 87
86 94
87 151
87 23
87 79
87 80
87 86
87 95
88 152
88 24
88 80
88 89
88 95
88 96
89 153
89 25
89 81
89 88
89 90
89 97
90 154
90 26
90 82
90 89
90 91
90 98
91 155
91 27
91 83
91 90
91 92
91 99
92 100
92 156
92 28
92 84
92 91
92 93
93 101
93 157
93 29
93 85
93 92
93 94
94 102
94 158
94 30
94 86
94 93
94 95
95 103
95 159
95 31
95 87
95 88
95 94
96 103
96 104
96 160
96 32
96 88
96 97
97 105
97 161
97 33
97 89
97 96
97 98
98 106
98 162
98 34
98 90
98 97
98 99
99 100
99 107
99 163
99 35
99 91
99 98
100 101
100 108
100 164
100 36
100 92
100 99
101 100
101 102
101 109
101 165
101 37
101 93
102 101
102 103
102 110
102 166
102 38
102 94
103 102
103 111
103 167
103 39
103 95
103 96
104 105
104 111
104 112
104 168
104 40
104 96
105 104
105 106
105 113
105 169
105 41
105 97
106 105
106 107
106 114
106 170
106 42
106 98
107 106
107 108
107 115
107 171
107 43
107 99
108 100
108 107
108 109
108 116
108 172
108 44
109 101
109 108
109 110
109 117
109 173
109 45
110 102
110 109
110 111
110 118
110 174
110 46
111 103
111 104
111 110
111 119
111 175
111 47
112 104
112 113
112 119
112 120
112 176
112 48
113 105
113 112
113 114
113 121
113 177
113 49
114 106
114 113
114 115
114 122
114 178
114 50
115 107
115 114
115 116
115 123
115 179
115 51
116 108
116 115
116 117
116 124
116 180
116 52
117 109
117 116
117 118
117 125
117 181
117 53
118 110
118 117
118 119
118 126
118 182
118 54
119 111
119 112
119 118
119 127
119 183
119 55
120 112
120 121
120 127
120 184
120 56
120 64
121 113
121 120
121 122
121 185
121 57
121 65
122 114
122 121
122 123
122 186
122 58
122 66
123 115
123 122
123 124
123 187
123 59
123 67
124 116
124 123
124 125
124 188
124 60
124 68
125 117
125 124
125 126
125 189
125 61
125 69
126 118
126 125
126 127
126 190
126 62
126 70
127 119
127 120
127 126
127 191
127 63
127 71
128 129
128 135
128 136
128 184
128 192
128 64
129 128
129 130
129 137
129 185
129 193
129 65
130 129
130 131
130 138
130 186
130 194
130 66
131 130
131 132
131 139
131 187
131 195
131 67
132 131
132 133
132 140
132 188
132 196
132 68
133 132
133 134
133 141
133 189
133 197
133 69
134 133
134 135
134 142
134 190
134 198
134 70
135 128
135 134
135 143
135 191
135 199
135 71
136 128
136 137
136 143
136 144
136 200
136 72
137 129
137 136
137 138
137 145
137 201
137 73
138 130
138 137
138 139
138 146
138 202
138 74
139 131
139 138
139 140
139 147
139 203
139 75
140 132
140 139
140 141
140 148
140 204
140 76
141 133
141 140
141 142
141 149
141 205
141 77
142 134
142 141
142 143
142 150
142 206
142 78
143 135
143 136
143 142
143 151
143 207
143 79
144 136
144 145
144 151
144 152
144 208
144 80
145 137
145 144
145 146
145 153
145 209
145 81
146 138
146 145
146 147
146 154
146 210
146 82
147 139
147 146
147 148
147 155
147 211
147 83
148 140
148 147
148 149
148 156
148 212
148 84
149 141
149 148
149 150
149 157
149 213
149 85
150 142
150 149
150 151
150 158
150 214
150 86
151 143
151 144
151 150
151 159
151 215
151 87
152 144
152 153
152 159
152 160
152 216
152 88
153 145
153 152
153 154
153 161
153 217
153 89
154 146
154 153
154 155
154 162
154 218
154 90
155 147
155 154
155 156
155 163
155 219
155 91
156 148
156 155
156 157
156 164
156 220
156 92
157 149
157 156
157 158
157 165
157 221
157 93
158 150
158 157
158 159
158 166
158 222
158 94
159 151
159 152
159 158
159 167
159 223
159 95
160 152
160 161
160 167
160 168
160 224
160 96
161 153
161 160
161 162
161 169
161 225
161 97
162 154
162 161
162 163
162 170
162 226
162 98
163 155
163 162
163 164
163 171
163 227
163 99
164 100
164 156
164 163
164 165
164 172
164 228
165 101
165 157
165 164
165 166
165 173
165 229
166 102
166 158
166 165
166 167
166 174
166 230
167 103
167 159
167 160
167 166
167 175
167 231
168 104
168 160
168 169
168 175
168 176
168 232
169 105
169 161
169 168
169 170
169 177
169 233
170 106
170 162
170 169
170 171
170 178
170 234
171 107
171 163
171 170
171 172
171 179
171 235
172 108
172 164
172 171
172 173
172 180
172 236
173 109
173 165
173 172
173 174
173 181
173 237
174 110
174 166
174 173
174 175
174 182
174 238
175 111
175 167
175 168
175 174
175 183
175 239
176 112
176 168
176 177
176 183
176 184
176 240
177 113
177 169
177 176
177 178
177 185
177 241
178 114
178 170
178 177
178 179
178 186
178 242
179 115
179 171
179 178
179 180
179 187
179 243
180 116
180 172
180 179
180 181
180 188
180 244
181 117
181 173
181 180
181 182
181 189
181 245
182 118
182 174
182 181
182 183
182 190
182 246
183 119
183 175
183 176
183 182
183 191
183 247
184 120
184 128
184 176
184 185
184 191
184 248
185 121
185 129
185 177
185 184
185 186
185 249
186 122
186 130
186 178
186 185
186 187
186 250
187 123
187 131
187 179
187 186
187 188
187 251
188 124
188 132
188 180
188 187
188 189
188 252
189 125
189 133
189 181
189 188
189 190
189 253
190 126
190 134
190 182
190 189
190 191
190 254
191 127
191 135
191 183
191 184
191 190
191 255
192 128
192 193
192 199
192 200
192 248
192 256
193 129
193 192
193 194
193 201
193 249
193 257
194 130
194 193
194 195
194 202
194 250
194 258
195 131
195 194
195 196
195 203
195 251
195 259
196 132
196 195
196 197
196 204
196 252
196 260
197 133
197 196
197 198
197 205
197 253
197 261
198 134
198 197
198 199
198 206
198 254
198 262
199 135
199 192
199 198
199 207
199 255
199 263
200 136
200 192
200 201
200 207
200 208
200 264
201 137
201 193
201 200
201 202
201 209
201 265
202 138
202 194
202 201
202 203
202 210
202 266
203 139
203 195
203 202
203 204
203 211
203 267
204 140
204 196
204 203
204 205
204 212
204 268
205 141
205 197
205 204
205 206
205 213
205 269
206 142
206 198
206 205
206 207
206 214
206 270
207 143
207 199
207 200
207 206
207 215
207 271
208 144
208 200
208 209
208 215
208 216
208 272
209 145
209 201
209 208
209 210
209 217
209 273
210 146
210 202
210 209
210 211
210 218
210 274
211 147
211 203
211 210
211 212
211 219
211 275
212 148
212 204
212 211
212 213
212 220
212 276
213 149
213 205
213 212
213 214
213 221
213 277
214 150
214 206
214 213
214 215
214 222
214 278
215 151
215 207
215 208
215 214
215 223
215 279
216 152
216 208
216 217
216 223
216 224
216 280
217 153
217 209
217 216
217 218
217 225
217 281
218 154
218 210
218 217
218 219
218 226
218 282
219 155
219 211
219 218
219 220
219 227
219 283
220 156
220 212
220 219
220 221
220 228
220 284
221 157
221 213
221 220
221 222
221 229
221 285
222 158
222 214
222 221
222 223
222 230
222 286
223 159
223 215
223 216
223 222
223 231
223 287
224 160
224 216
224 225
224 231
224 232
224 288
225 161
225 217
225 224
225 226
225 233
225 289
226 162
226 218
226 225
226 227
226 234
226 290
227 163
227 219
227 226
227 228
227 235
227 291
228 164
228 220
228 227
228 229
228 236
228 292
229 165
229 221
229 228
229 230
229 237
229 293
230 166
230 222
230 229
230 231
230 238
230 294
231 167
231 223
231 224
231 230
231 239
231 295
232 168
232 224
232 233
232 239
232 240
232 296
233 169
233 225
233 232
233 234
233 241
233 297
234 170
234 226
234 233
234 235
234 242
234 298
235 171
235 227
235 234
235 236
235 243
235 299
236 172
236 228
236 235
236 237
236 244
236 300
237 173
237 229
237 236
237 238
237 245
237 301
238 174
238 230
238 237
238 239
238 246
238 302
239 175
239 231
239 232
239 238
239 247
239 303
240 176
240 232
240 241
240 247
240 248
240 304
241 177
241 233
241 240
241 242
241 249
241 305
242 178
242 234
242 241
242 243
242 250
242 306
243 179
243 235
243 242
243 244
243 251
243 307
244 180
244 236
244 243
244 245
244 252
244 308
245 181
245 237
245 244
245 246
245 253
245 309
246 182
246 238
246 245
246 247
246 254
246 310
247 183
247 239
247 240
247 246
247 255
247 311
248 184
248 192
248 240
248 249
248 255
248 312
249 185
249 193
249 241
249 248
249 250
249 313
250 186
250 194
250 242
250 249
250 251
250 314
251 187
251 195
251 243
251 250
251 252
251 315
252 188
252 196
252 244
252 251
252 253
252 316
253 189
253 197
253 245
253 252
253 254
253 317
254 190
254 198
254 246
254 253
254 255
254 318
255 191
255 199
255 247
255 248
255 254
255 319
256 192
256 257
256 263
256 264
256 312
256 320
257 193
257 256
257 258
257 265
257 313
257 321
258 194
258 257
258 259
258 266
258 314
258 322
259 195
259 258
259 260
259 267
259 315
259 323
260 196
260 259
260 261
260 268
260 316
260 324
261 197
261 260
261 262
261 269
261 317
261 325
262 198
262 261
262 263
262 270
262 318
262 326
263 199
263 256
263 262
263 271
263 319
263 327
264 200
264 256
264 265
264 271
264 272
264 328
265 201
265 257
265 264
265 266
265 273
265 329
266 202
266 258
266 265
266 267
266 274
266 330
267 203
267 259
267 266
267 268
267 275
267 331
268 204
268 260
268 267
268 269
268 276
268 332
269 205
269 261
269 268
269 270
269 277
269 333
270 206
270 262
270 269
270 271
270 278
270 334
271 207
271 263
271 264
271 270
271 279
271 335
272 208
272 264
272 273
272 279
272 280
272 336
273 209
273 265
273 272
273 274
273 281
273 337
274 210
274 266
274 273
274 275
274 282
274 338
275 211
275 267
275 274
275 276
275 283
275 339
276 212
276 268
276 275
276 277
276 284
276 340
277 213
277 269
277 276
277 278
277 285
277 341
278 214
278 270
278 277
278 279
278 286
278 342
279 215
279 271
279 272
279 278
279 287
279 343
280 216
280 272
280 281
280 287
280 288
280 344
281 217
281 273
281 280
281 282
281 289
281 345
282 218
282 274
282 281
282 283
282 290
282 346
283 219
283 275
283 282
283 284
283 291
283 347
284 220
284 276
284 283
284 285
284 292
284 348
285 221
285 277
285 284
285 286
285 293
285 349
286 222
286 278
286 285
286 287
286 294
286 350
287 223
287 279
287 280
287 286
287 295
287 351
288 224
288 280
288 289
288 295
288 296
288 352
289 225
289 281
289 288
289 290
289 297
289 353
290 226
290 282
290 289
290 291
290 298
290 354
291 227
291 283
291 290
291 292
291 299
291 355
292 228
292 284
292 291
292 293
292 300
292 356
293 229
293 285
293 292
293 294
293 301
293 357
294 230
294 286
294 293
294 295
294 302
294 358
295 231
295 287
295 288
295 294
295 303
295 359
296 232
296 288
296 297
296 303
296 304
296 360
297 233
297 289
297 296
297 298
297 305
297 361
298 234
298 290
298 297
298 299
298 306
298 362
299 235
299 291
299 298
299 300
299 307
299 363
300 236
300 292
300 299
300 301
300 308
300 364
301 237
301 293
301 300
301 302
301 309
301 365
302 238
302 294
302 301
302 303
302 310
302 366
303 239
303 295
303 296
303 302
303 311
303 367
304 240
304 296
304 305
304 311
304 312
304 368
305 241
305 297
305 304
305 306
305 313
305 369
306 242
306 298
306 305
306 307
306 314
306 370
307 243
307 299
307 306
307 308
307 315
307 371
308 244
308 300
308 307
308 309
308 316
308 372
309 245
309 301
309 308
309 310
309 317
309 373
310 246
310 302
310 309
310 311
310 318
310 374
311 247
311 303
311 304
311 310
311 319
311 375
312 248
312 256
312 304
312 313
312 319
312 376
313 249
313 257
313 305
313 312
313 314
313 377
314 250
314 258
314 306
314 313
314 315
314 378
315 251
315 259
315 307
315 314
315 316
315 379
316 252
316 260
316 308
316 315
316 317
316 380
317 253
317 261
317 309
317 316
317 318
317 381
318 254
318 262
318 310
318 317
318 319
318 382
319 255
319 263
319 311
319 312
319 318
319 383
320 256
320 321
320 327
320 328
320 376
320 384
321 257
321 320
321 322
321 329
321 377
321 385
322 258
322 321
322 323
322 330
322 378
322 386
323 259
323 322
323 324
323 331
323 379
323 387
324 260
324 323
324 325
324 332
324 380
324 388
325 261
325 324
325 326
325 333
325 381
325 389
326 262
326 325
326 327
326 334
326 382
326 390
327 263
327 320
327 326
327 335
327 383
327 391
328 264
328 320
328 329
328 335
328 336
328 392
329 265
329 321
329 328
329 330
329 337
329 393
330 266
330 322
330 329
330 331
330 338
330 394
331 267
331 323
331 330
331 332
331 339
331 395
332 268
332 324
332 331
332 333
332 340
332 396
333 269
333 325
333 332
333 334
333 341
333 397
334 270
334 326
334 333
334 335
334 342
334 398
335 271
335 327
335 328
335 334
335 343
335 399
336 272
336 328
336 337
336 343
336 344
336 400
337 273
337 329
337 336
337 338
337 345
337 401
338 274
338 330
338 337
338 339
338 346
338 402
339 275
339 331
339 338
339 340
339 347
339 403
340 276
340 332
340 339
340 341
340 348
340 404
341 277
341 333
341 340
341 342
341 349
341 405
342 278
342 334
342 341
342 343
342 350
342 406
343 279
343 335
343 336
343 342
343 351
343 407
344 280
344 336
344 345
344 351
344 352
344 408
345 281
345 337
345 344
345 346
345 353
345 409
346 282
346 338
346 345
346 347
346 354
346 410
347 283
347 339
347 346
347 348
347 355
347 411
348 284
348 340
348 347
348 349
348 356
348 412
349 285
349 341
349 348
349 350
349 357
349 413
350 286
350 342
350 349
350 351
350 358
350 414
351 287
351 343
351 344
351 350
351 359
351 415
352 288
352 344
352 353
352 359
352 360
352 416
353 289
353 345
353 352
353 354
353 361
353 417
354 290
354 346
354 353
354 355
354 362
354 418
355 291
355 347
355 354
355 356
355 363
355 419
356 292
356 348
356 355
356 357
356 364
356 420
357 293
357 349
357 356
357 358
357 365
357 421
358 294
358 350
358 357
358 359
358 366
358 422
359 295
359 351
359 352
359 358
359 367
359 423
360 296
360 352
360 361
360 367
360 368
360 424
361 297
361 353
361 360
361 362
361 369
361 425
362 298
362 354
362 361
362 363
362 370
362 426
363 299
363 355
363 362
363 364
363 371
363 427
364 300
364 356
364 363
364 365
364 372
364 428
365 301
365 357
365 364
365 366
365 373
365 429
366 302
366 358
366 365
366 367
366 374
366 430
367 303
367 359
367 360
367 366
367 375
367 431
368 304
368 360
368 369
368 375
368 376
368 432
369 305
369 361
369 368
369 370
369 377
369 433
370 306
370 362
370 369
370 371
370 378
370 434
371 307
371 363
371 370
371 372
371 379
371 435
372 308
372 364
372 371
372 373
372 380
372 436
373 309
373 365
373 372
373 374
373 381
373 437
374 310
374 366
374 373
374 375
374 382
374 438
375 311
375 367
375 368
375 374
375 383
375 439
376 312
376 320
376 368
376 377
376 383
376 440
377 313
377 321
377 369
377 376
377 378
377 441
378 314
378 322
378 370
378 377
378 379
378 442
379 315
379 323
379 371
379 378
379 380
379 443
380 316
380 324
380 372
380 379
380 381
380 444
381 317
381 325
381 373
381 380
381 382
381 445
382 318
382 326
382 374
382 381
382 383
382 446
383 319
383 327
383 375
383 376
383 382
383 447
384 320
384 385
384 391
384 392
384 440
384 448
385 321
385 384
385 386
385 393
385 441
385 449
386 322
386 385
386 387
386 394
386 442
386 450
387 323
387 386
387 388
387 395
387 443
387 451
388 324
388 387
388 389
388 396
388 444
388 452
389 325
389 388
389 390
389 397
389 445
389 453
390 326
390 389
390 391
390 398
390 446
390 454
391 327
391 384
391 390
391 399
391 447
391 455
392 328
392 384
392 393
392 399
392 400
392 456
393 329
393 385
393 392
393 394
393 401
393 457
394 330
394 386
394 393
394 395
394 402
394 458
395 331
395 387
395 394
395 396
395 403
395 459
396 332
396 388
396 395
396 397
396 404
396 460
397 333
397 389
397 396
397 398
397 405
397 461
398 334
398 390
398 397
398 399
398 406
398 462
399 335
399 391
399 392
399 398
399 407
399 463
400 336
400 392
400 401
400 407
400 408
400 464
401 337
401 393
401 400
401 402
401 409
401 465
402 338
402 394
402 401
402 403
402 410
402 466
403 339
403 395
403 402
403 404
403 411
403 467
404 340
404 396
404 403
404 405
404 412
404 468
405 341
405 397
405 404
405 406
405 413
405 469
406 342
406 398
406 405
406 407
406 414
406 470
407 343
407 399
407 400
407 406
407 415
407 471
408 344
408 400
408 409
408 415
408 416
408 472
409 345
409 401
409 408
409 410
409 417
409 473
410 346
410 402
410 409
410 411
410 418
410 474
411 347
411 403
411 410
411 412
411 419
411 475
412 348
412 404
412 411
412 413
412 420
412 476
413 349
413 405
413 412
413 414
413 421
413 477
414 350
414 406
414 413
414 415
414 422
414 478
415 351
415 407
415 408
415 414
415 423
415 479
416 352
416 408
416 417
416 423
416 424
416 480
417 353
417 409
417 416
417 418
417 425
417 481
418 354
418 410
418 417
418 419
418 426
418 482
419 355
419 411
419 418
419 420
419 427
419 483
420 356
420 412
420 419
420 421
420 428
420 484
421 357
421 413
421 420
421 422
421 429
421 485
422 358
422 414
422 421
422 423
422 430
422 486
423 359
423 415
423 416
423 422
423 431
423 487
424 360
424 416
424 425
424 431
424 432
424 488
425 361
425 417
425 424
425 426
425 433
425 489
426 362
426 418
426 425
426 427
426 434
426 490
427 363
427 419
427 426
427 428
427 435
427 491
428 364
428 420
428 427
428 429
428 436
428 492
429 365
429 421
429 428
429 430
429 437
429 493
430 366
430 422
430 429
430 431
430 438
430 494
431 367
431 423
431 424
431 430
431 439
431 495
432 368
432 424
432 433
432 439
432 440
432 496
433 369
433 425
433 432
433 434
433 441
433 497
434 370
434 426
434 433
434 435
434 442
434 498
435 371
435 427
435 434
435 436
435 443
435 499
436 372
436 428
436 435
436 437
436 444
436 500
437 373
437 429
437 436
437 438
437 445
437 501
438 374
438 430
438 437
438 439
438 446
438 502
439 375
439 431
439 432
439 438
439 447
439 503
440 376
440 384
440 432
440 441
440 447
440 504
441 377
441 385
441 433
441 440
441 442
441 505
442 378
442 386
442 434
442 441
442 443
442 506
443 379
443 387
443 435
443 442
443 444
443 507
444 380
444 388
444 436
444 443
444 445
444 508
445 381
445 389
445 437
445 444
445 446
445 509
446 382
446 390
446 438
446 445
446 447
446 510
447 383
447 391
447 439
447 440
447 446
447 511
448 0
448 384
448 449
448 455
448 456
448 504
449 1
449 385
449 448
449 450
449 457
449 505
450 2
450 386
450 449
450 451
450 458
450 506
451 3
451 387
451 450
451 452
451 459
451 507
452 388
452 4
452 451
452 453
452 460
452 508
453 389
453 452
453 454
453 461
453 5
453 509
454 390
454 453
454 455
454 462
454 510
454 6
455 391
455 448
455 454
455 463
455 511
455 7
456 392
456 448
456 457
456 463
456 464
456 8
457 393
457 449
457 456
457 458
457 465
457 9
458 10
458 394
458 450
458 457
458 459
458 466
459 11
459 395
459 451
459 458
459 460
459 467
460 12
460 396
460 452
460 459
460 461
460 468
461 13
461 397
461 453
461 460
461 462
461 469
462 14
462 398
462 454
462 461
462 463
462 470
463 15
463 399
463 455
463 456
463 462
463 471
464 16
464 400
464 456
464 465
464 471
464 472
465 17
465 401
465 457
465 464
465 466
465 473
466 18
466 402
466 458
466 465
466 467
466 474
467 19
467 403
467 459
467 466
467 468
467 475
468 20
468 404
468 460
468 467
468 469
468 476
469 21
469 405
469 461
469 468
469 470
469 477
470 22
470 406
470 462
470 469
470 471
470 478
471 23
471 407
471 463
471 464
471 470
471 479
472 24
472 408
472 464
472 473
472 479
472 480
473 25
473 409
473 465
473 472
473 474
473 481
474 26
474 410
474 466
474 473
474 475
474 482
475 27
475 411
475 467
475 474
475 476
475 483
476 28
476 412
476 468
476 475
476 477
476 484
477 29
477 413
477 469
477 476
477 478
477 485
478 30
478 414
478 470
478 477
478 479
478 486
479 31
479 415
479 471
479 472
479 478
479 487
480 32
480 416
480 472
480 481
480 487
480 488
481 33
481 417
481 473
481 480
481 482
481 489
482 34
482 418
482 474
482 481
482 483
482 490
483 35
483 419
483 475
483 482
483 484
483 491
484 36
484 420
484 476
484 483
484 485
484 492
485 37
485 421
485 477
485 484
485 486
485 493
486 38
486 422
486 478
486 485
486 487
486 494
487 39
487 423
487 479
487 480
487 486
487 495
488 40
488 424
488 480
488 489
488 495
488 496
489 41
489 425
489 481
489 488
489 490
489 497
490 42
490 426
490 482
490 489
490 491
490 498
491 427
491 43
491 483
491 490
491 492
491 499
492 428
492 44
492 484
492 491
492 493
492 500
493 429
493 45
493 485
493 492
493 494
493 501
494 430
494 46
494 486
494 493
494 495
494 502
495 431
495 47
495 487
495 488
495 494
495 503
496 432
496 48
496 488
496 497
496 503
496 504
497 433
497 489
497 49
497 496
497 498
497 505
498 434
498 490
498 497
498 499
498 50
498 506
499 435
499 491
499 498
499 500
499 507
499 51
500 436
500 492
500 499
500 501
500 508
500 52
501 437
501 493
501 500
501 502
501 509
501 53
502 438
502 494
502 501
502 503
502 510
502 54
503 439
503 495
503 496
503 502
503 511
503 55
504 440
504 448
504 496
504 505
504 511
504 56
505 441
505 449
505 497
505 504
505 506
505 57
506 442
506 450
506 498
506 505
506 507
506 58
507 443
507 451
507 499
507 506
507 508
507 59
508 444
508 452
508 500
508 507
508 509
508 60
509 445
509 453
509 501
509 508
509 510
509 61
510 446
510 454
510 502
510 509
510 511
510 62
511 447
511 455
511 503
511 504
511 510
511 63
